292 South 0 144400
439 East 3 144137
373 East 9 161403
512 South 1 160925
103 South 2 184519
854 East 4 100151
559 East 4 134749
266 East 4 133300
775 South 8 162136
516 South 0 103121
344 East 5 101221
152 South 6 154803
736 East 5 140503
116 East 0 142043
771 East 1 153426
292 East 0 104325
183 South 7 160753
213 South 3 140454
497 South 7 183159
863 South 2 170320
568 East 2 121428
114 East 9 102811
845 East 9 100706
523 East 9 183019
128 East 0 182730
587 East 0 135428
589 East 3 102019
218 South 8 121309
958 East 9 140909
141 South 9 165101
70 East 2 152309
433 East 0 124938
12 South 7 145417
628 South 6 184629
225 South 4 120318
835 East 1 110012
743 South 6 100413
975 South 6 125959
279 South 6 175110
429 South 5 182716
948 South 9 141158
655 East 8 151756
213 South 8 182659
962 South 5 101414
87 East 4 130058
820 South 3 120009
84 South 3 165645
890 East 2 141131
831 South 6 180850
170 East 2 160804
654 East 2 164642
787 East 0 101130
703 East 2 180724
261 South 2 185929
687 East 9 123601
840 South 2 125650
616 East 1 183621
758 South 1 130308
409 East 3 151458
962 South 7 140329
602 South 0 142658
142 South 5 172641
42 East 5 174207
931 East 7 103241
248 East 6 175056
390 East 1 111545
10 East 1 161137
964 South 0 140344
169 East 3 173916
263 South 0 120355
739 East 7 132309
188 South 0 164753
708 East 0 134124
185 East 0 123118
355 South 2 110619
650 South 3 142706
312 East 8 171107
588 South 6 123814
446 South 6 141314
467 South 4 160525
13 South 1 173301
303 East 1 151652
258 South 1 165455
82 East 7 172417
882 East 5 132249
548 East 7 143450
38 South 0 125141
494 South 2 182904
26 East 1 115713
226 South 5 173638
715 South 0 144305
724 East 6 172024
626 South 7 105050
197 East 9 132621
735 East 5 141510
354 East 8 120617
134 South 9 155443
652 East 9 112804
498 East 9 123508
786 East 7 100900
