74 South 9 1000
568 South 6 1005
743 East 0 1009
611 East 8 1014
754 East 2 1018
248 East 8 1022
84 East 0 1026
551 South 6 1031
32 East 7 1035
308 East 2 1040
208 South 5 1045
184 South 7 1049
658 South 2 1053
888 East 6 1058
30 East 2 1103
462 South 2 1108
363 South 1 1112
294 South 6 1117
905 East 2 1121
872 South 6 1126
688 East 7 1131
492 South 1 1135
406 South 0 1139
402 East 0 1144
278 South 0 1148
95 South 9 1152
901 East 9 1156
858 East 0 1200
253 South 7 1205
926 East 9 1209
757 East 5 1214
976 East 7 1218
511 East 8 1222
521 South 6 1226
812 South 0 1231
616 South 6 1235
899 East 4 1239
819 East 5 1243
724 South 1 1248
749 East 1 1253
666 South 2 1257
315 East 3 1301
524 East 4 1305
239 East 6 1309
320 East 0 1313
740 South 2 1318
223 East 6 1322
679 South 6 1326
627 South 0 1330
431 South 7 1335
355 South 9 1339
792 East 1 1344
74 South 4 1349
842 South 8 1354
313 South 2 1359
611 East 4 1404
955 South 7 1409
122 East 2 1413
311 South 8 1418
94 East 4 1422
733 South 1 1426
231 South 6 1431
691 East 8 1435
413 East 1 1440
986 South 4 1444
403 East 3 1449
739 South 3 1453
283 East 0 1458
54 South 0 1503
732 South 0 1507
637 East 7 1511
494 South 3 1515
315 East 4 1519
514 South 3 1523
263 East 6 1528
158 East 5 1533
319 South 7 1537
269 South 4 1541
42 South 7 1546
459 South 8 1550
308 East 7 1555
424 South 9 1600
690 South 7 1604
343 South 1 1608
498 East 8 1612
564 East 6 1617
554 East 0 1621
460 East 7 1625
707 South 9 1629
64 South 0 1634
629 South 1 1638
716 East 3 1642
421 East 3 1647
776 South 8 1652
105 South 1 1656
498 South 5 1700
868 South 5 1704
154 East 5 1709
641 South 8 1714
194 East 1 1719
